-0.0336586 -0.676888 -2.92245
-0.576603 -2.90229 -0.494231
-0.232247 -0.923114 0.306466
-0.731902 0.101662 1.85849
0.400017 1.84436 0.662051
2.01843 2.07054 -0.799263
-0.403438 -1.95889 -0.00250195
-1.74242 -0.150194 -0.970271
-1.41793 -0.807507 -1.15647
-2.58336 -1.39175 -0.62391
-2.32252 -1.56212 -1.07966
-1.85849 -2.31208 0.447586
-1.19275 -1.31848 0.91595
-1.17215 -2.76142 0.0256388
-0.540264 -0.28592 1.9043
-0.445716 -0.64586 2.89555
0.151352 0.13351 1.98979
-0.996732 -0.0430138 0.0683707
-1.94356 -0.224024 0.41518
-0.888647 1.75787 0.346697
-0.492276 0.592823 -0.637359
1.71975 2.21795 -1.0598
0.218711 0.9995 -1.71848
1.29027 1.03935 -1.12025
0.301648 1.71905 -0.976667
2.76859 1.13465 -0.217929
0.941164 0.449999 1.70637
0.615381 1.20634 2.67695
0.524524 0.2357 1.91555
1.65515 1.10998 0.168556
1.77933 0.681889 0.607451
2.99519 0.168003 0.0251814
3.53758 -1.47211 1.14821
2.36258 -1.6056 0.916669
1.80094 -0.346043 0.79803
1.65501 -0.25419 1.09377
0.198434 -0.0298655 1.98991
0.854035 -1.23021 1.3256
2.34891 -0.850554 1.66108
0.296875 -1.80525 0.808051
2.05203 -1.60694 -1.48557
2.97733 -0.251183 0.26906
0.18492 -1.25801 -1.54376
0.922653 -1.34783 -1.15416
0.844242 -1.80053 0.212986
0.390941 -1.90763 -0.4562
0.296149 -1.96226 0.248694
1.60908 -1.63753 -1.93115
1.90153 -1.57235 -1.70643
0.37187 0.0502909 -1.96448
